G(s)=Kp/((1+Tp1*s)*(1+Tp2*s))

Kp=0.95786;
Tp1=0.014366;
Tp2=1.905e-06;